id: 10 arrival:  2 service:  1
id: 20 arrival:  3 service:  6
id: 24 arrival:  5 service:  1
id: 26 arrival:  5 service:  2
id: 27 arrival:  7 service:  5
id: 33 arrival:  7 service:  6
id: 1 arrival:  8 service:  1
id: 31 arrival:  8 service:  6
id: 34 arrival:  8 service:  1
id: 6 arrival:  9 service:  3
id: 25 arrival:  9 service:  1
id: 43 arrival:  9 service:  6
id: 22 arrival:  10 service:  7
id: 30 arrival:  10 service:  6
id: 9 arrival:  11 service:  6
id: 48 arrival:  12 service:  3
id: 35 arrival:  14 service:  2
id: 15 arrival:  15 service:  1
id: 11 arrival:  16 service:  4
id: 14 arrival:  16 service:  4
id: 13 arrival:  17 service:  1
id: 44 arrival:  17 service:  1
id: 3 arrival:  18 service:  2
id: 29 arrival:  18 service:  2
id: 8 arrival:  20 service:  5
id: 16 arrival:  21 service:  6
id: 47 arrival:  21 service:  7
id: 0 arrival:  22 service:  5
id: 32 arrival:  23 service:  7
id: 37 arrival:  23 service:  5
id: 45 arrival:  23 service:  3
id: 2 arrival:  24 service:  1
id: 40 arrival:  26 service:  4
id: 5 arrival:  27 service:  5
id: 23 arrival:  27 service:  3
id: 28 arrival:  27 service:  6
id: 46 arrival:  28 service:  6
id: 41 arrival:  30 service:  7
id: 21 arrival:  31 service:  6
id: 42 arrival:  31 service:  3
id: 4 arrival:  32 service:  6
id: 49 arrival:  33 service:  1
id: 17 arrival:  34 service:  7
id: 18 arrival:  34 service:  2
id: 39 arrival:  34 service:  6
id: 38 arrival:  35 service:  7
id: 7 arrival:  37 service:  4
id: 12 arrival:  37 service:  2
id: 19 arrival:  37 service:  5
id: 36 arrival:  39 service:  1
Time 0
Waiting clients: (10 2 1) (20 3 6) (24 5 1) (26 5 2) (27 7 5) (33 7 6) (1 8 1) (31 8 6) (34 8 1) (6 9 3) (25 9 1) (43 9 6) (22 10 7) (30 10 6) (9 11 6) (48 12 3) (35 14 2) (15 15 1) (11 16 4) (14 16 4) (13 17 1) (44 17 1) (3 18 2) (29 18 2) (8 20 5) (16 21 6) (47 21 7) (0 22 5) (32 23 7) (37 23 5) (45 23 3) (2 24 1) (40 26 4) (5 27 5) (23 27 3) (28 27 6) (46 28 6) (41 30 7) (21 31 6) (42 31 3) (4 32 6) (49 33 1) (17 34 7) (18 34 2) (39 34 6) (38 35 7) (7 37 4) (12 37 2) (19 37 5) (36 39 1) 
Queue 1: 
Queue 2: 
Queue 3: 
Queue 4: 
Queue 5: 
Time 1
Waiting clients: (10 2 1) (20 3 6) (24 5 1) (26 5 2) (27 7 5) (33 7 6) (1 8 1) (31 8 6) (34 8 1) (6 9 3) (25 9 1) (43 9 6) (22 10 7) (30 10 6) (9 11 6) (48 12 3) (35 14 2) (15 15 1) (11 16 4) (14 16 4) (13 17 1) (44 17 1) (3 18 2) (29 18 2) (8 20 5) (16 21 6) (47 21 7) (0 22 5) (32 23 7) (37 23 5) (45 23 3) (2 24 1) (40 26 4) (5 27 5) (23 27 3) (28 27 6) (46 28 6) (41 30 7) (21 31 6) (42 31 3) (4 32 6) (49 33 1) (17 34 7) (18 34 2) (39 34 6) (38 35 7) (7 37 4) (12 37 2) (19 37 5) (36 39 1) 
Queue 1: 
Queue 2: 
Queue 3: 
Queue 4: 
Queue 5: 
Time 2
Waiting clients: (20 3 6) (24 5 1) (26 5 2) (27 7 5) (33 7 6) (1 8 1) (31 8 6) (34 8 1) (6 9 3) (25 9 1) (43 9 6) (22 10 7) (30 10 6) (9 11 6) (48 12 3) (35 14 2) (15 15 1) (11 16 4) (14 16 4) (13 17 1) (44 17 1) (3 18 2) (29 18 2) (8 20 5) (16 21 6) (47 21 7) (0 22 5) (32 23 7) (37 23 5) (45 23 3) (2 24 1) (40 26 4) (5 27 5) (23 27 3) (28 27 6) (46 28 6) (41 30 7) (21 31 6) (42 31 3) (4 32 6) (49 33 1) (17 34 7) (18 34 2) (39 34 6) (38 35 7) (7 37 4) (12 37 2) (19 37 5) (36 39 1) 
Queue 1: (10 2 1)
Queue 2: 
Queue 3: 
Queue 4: 
Queue 5: 
Time 3
Waiting clients: (24 5 1) (26 5 2) (27 7 5) (33 7 6) (1 8 1) (31 8 6) (34 8 1) (6 9 3) (25 9 1) (43 9 6) (22 10 7) (30 10 6) (9 11 6) (48 12 3) (35 14 2) (15 15 1) (11 16 4) (14 16 4) (13 17 1) (44 17 1) (3 18 2) (29 18 2) (8 20 5) (16 21 6) (47 21 7) (0 22 5) (32 23 7) (37 23 5) (45 23 3) (2 24 1) (40 26 4) (5 27 5) (23 27 3) (28 27 6) (46 28 6) (41 30 7) (21 31 6) (42 31 3) (4 32 6) (49 33 1) (17 34 7) (18 34 2) (39 34 6) (38 35 7) (7 37 4) (12 37 2) (19 37 5) (36 39 1) 
Queue 1: (20 3 6)
Queue 2: 
Queue 3: 
Queue 4: 
Queue 5: 
Time 4
Waiting clients: (24 5 1) (26 5 2) (27 7 5) (33 7 6) (1 8 1) (31 8 6) (34 8 1) (6 9 3) (25 9 1) (43 9 6) (22 10 7) (30 10 6) (9 11 6) (48 12 3) (35 14 2) (15 15 1) (11 16 4) (14 16 4) (13 17 1) (44 17 1) (3 18 2) (29 18 2) (8 20 5) (16 21 6) (47 21 7) (0 22 5) (32 23 7) (37 23 5) (45 23 3) (2 24 1) (40 26 4) (5 27 5) (23 27 3) (28 27 6) (46 28 6) (41 30 7) (21 31 6) (42 31 3) (4 32 6) (49 33 1) (17 34 7) (18 34 2) (39 34 6) (38 35 7) (7 37 4) (12 37 2) (19 37 5) (36 39 1) 
Queue 1: (20 3 5)
Queue 2: 
Queue 3: 
Queue 4: 
Queue 5: 
Time 5
Waiting clients: (27 7 5) (33 7 6) (1 8 1) (31 8 6) (34 8 1) (6 9 3) (25 9 1) (43 9 6) (22 10 7) (30 10 6) (9 11 6) (48 12 3) (35 14 2) (15 15 1) (11 16 4) (14 16 4) (13 17 1) (44 17 1) (3 18 2) (29 18 2) (8 20 5) (16 21 6) (47 21 7) (0 22 5) (32 23 7) (37 23 5) (45 23 3) (2 24 1) (40 26 4) (5 27 5) (23 27 3) (28 27 6) (46 28 6) (41 30 7) (21 31 6) (42 31 3) (4 32 6) (49 33 1) (17 34 7) (18 34 2) (39 34 6) (38 35 7) (7 37 4) (12 37 2) (19 37 5) (36 39 1) 
Queue 1: (20 3 4)
Queue 2: (24 5 1)
Queue 3: (26 5 2)
Queue 4: 
Queue 5: 
Time 6
Waiting clients: (27 7 5) (33 7 6) (1 8 1) (31 8 6) (34 8 1) (6 9 3) (25 9 1) (43 9 6) (22 10 7) (30 10 6) (9 11 6) (48 12 3) (35 14 2) (15 15 1) (11 16 4) (14 16 4) (13 17 1) (44 17 1) (3 18 2) (29 18 2) (8 20 5) (16 21 6) (47 21 7) (0 22 5) (32 23 7) (37 23 5) (45 23 3) (2 24 1) (40 26 4) (5 27 5) (23 27 3) (28 27 6) (46 28 6) (41 30 7) (21 31 6) (42 31 3) (4 32 6) (49 33 1) (17 34 7) (18 34 2) (39 34 6) (38 35 7) (7 37 4) (12 37 2) (19 37 5) (36 39 1) 
Queue 1: (20 3 3)
Queue 2: 
Queue 3: (26 5 1)
Queue 4: 
Queue 5: 
Time 7
Waiting clients: (1 8 1) (31 8 6) (34 8 1) (6 9 3) (25 9 1) (43 9 6) (22 10 7) (30 10 6) (9 11 6) (48 12 3) (35 14 2) (15 15 1) (11 16 4) (14 16 4) (13 17 1) (44 17 1) (3 18 2) (29 18 2) (8 20 5) (16 21 6) (47 21 7) (0 22 5) (32 23 7) (37 23 5) (45 23 3) (2 24 1) (40 26 4) (5 27 5) (23 27 3) (28 27 6) (46 28 6) (41 30 7) (21 31 6) (42 31 3) (4 32 6) (49 33 1) (17 34 7) (18 34 2) (39 34 6) (38 35 7) (7 37 4) (12 37 2) (19 37 5) (36 39 1) 
Queue 1: (20 3 2)
Queue 2: (27 7 5)
Queue 3: (33 7 6)
Queue 4: 
Queue 5: 
Time 8
Waiting clients: (6 9 3) (25 9 1) (43 9 6) (22 10 7) (30 10 6) (9 11 6) (48 12 3) (35 14 2) (15 15 1) (11 16 4) (14 16 4) (13 17 1) (44 17 1) (3 18 2) (29 18 2) (8 20 5) (16 21 6) (47 21 7) (0 22 5) (32 23 7) (37 23 5) (45 23 3) (2 24 1) (40 26 4) (5 27 5) (23 27 3) (28 27 6) (46 28 6) (41 30 7) (21 31 6) (42 31 3) (4 32 6) (49 33 1) (17 34 7) (18 34 2) (39 34 6) (38 35 7) (7 37 4) (12 37 2) (19 37 5) (36 39 1) 
Queue 1: (20 3 1)(34 8 1)
Queue 2: (27 7 4)
Queue 3: (33 7 5)
Queue 4: (1 8 1)
Queue 5: (31 8 6)
Time 9
Waiting clients: (22 10 7) (30 10 6) (9 11 6) (48 12 3) (35 14 2) (15 15 1) (11 16 4) (14 16 4) (13 17 1) (44 17 1) (3 18 2) (29 18 2) (8 20 5) (16 21 6) (47 21 7) (0 22 5) (32 23 7) (37 23 5) (45 23 3) (2 24 1) (40 26 4) (5 27 5) (23 27 3) (28 27 6) (46 28 6) (41 30 7) (21 31 6) (42 31 3) (4 32 6) (49 33 1) (17 34 7) (18 34 2) (39 34 6) (38 35 7) (7 37 4) (12 37 2) (19 37 5) (36 39 1) 
Queue 1: (34 8 1)(25 9 1)(43 9 6)
Queue 2: (27 7 3)
Queue 3: (33 7 4)
Queue 4: (6 9 3)
Queue 5: (31 8 5)
Time 10
Waiting clients: (9 11 6) (48 12 3) (35 14 2) (15 15 1) (11 16 4) (14 16 4) (13 17 1) (44 17 1) (3 18 2) (29 18 2) (8 20 5) (16 21 6) (47 21 7) (0 22 5) (32 23 7) (37 23 5) (45 23 3) (2 24 1) (40 26 4) (5 27 5) (23 27 3) (28 27 6) (46 28 6) (41 30 7) (21 31 6) (42 31 3) (4 32 6) (49 33 1) (17 34 7) (18 34 2) (39 34 6) (38 35 7) (7 37 4) (12 37 2) (19 37 5) (36 39 1) 
Queue 1: (25 9 1)(43 9 6)
Queue 2: (27 7 2)(22 10 7)
Queue 3: (33 7 3)
Queue 4: (6 9 2)(30 10 6)
Queue 5: (31 8 4)
Time 11
Waiting clients: (48 12 3) (35 14 2) (15 15 1) (11 16 4) (14 16 4) (13 17 1) (44 17 1) (3 18 2) (29 18 2) (8 20 5) (16 21 6) (47 21 7) (0 22 5) (32 23 7) (37 23 5) (45 23 3) (2 24 1) (40 26 4) (5 27 5) (23 27 3) (28 27 6) (46 28 6) (41 30 7) (21 31 6) (42 31 3) (4 32 6) (49 33 1) (17 34 7) (18 34 2) (39 34 6) (38 35 7) (7 37 4) (12 37 2) (19 37 5) (36 39 1) 
Queue 1: (43 9 6)
Queue 2: (27 7 1)(22 10 7)
Queue 3: (33 7 2)(9 11 6)
Queue 4: (6 9 1)(30 10 6)
Queue 5: (31 8 3)
Time 12
Waiting clients: (35 14 2) (15 15 1) (11 16 4) (14 16 4) (13 17 1) (44 17 1) (3 18 2) (29 18 2) (8 20 5) (16 21 6) (47 21 7) (0 22 5) (32 23 7) (37 23 5) (45 23 3) (2 24 1) (40 26 4) (5 27 5) (23 27 3) (28 27 6) (46 28 6) (41 30 7) (21 31 6) (42 31 3) (4 32 6) (49 33 1) (17 34 7) (18 34 2) (39 34 6) (38 35 7) (7 37 4) (12 37 2) (19 37 5) (36 39 1) 
Queue 1: (43 9 5)
Queue 2: (22 10 7)
Queue 3: (33 7 1)(9 11 6)
Queue 4: (30 10 6)
Queue 5: (31 8 2)(48 12 3)
Time 13
Waiting clients: (35 14 2) (15 15 1) (11 16 4) (14 16 4) (13 17 1) (44 17 1) (3 18 2) (29 18 2) (8 20 5) (16 21 6) (47 21 7) (0 22 5) (32 23 7) (37 23 5) (45 23 3) (2 24 1) (40 26 4) (5 27 5) (23 27 3) (28 27 6) (46 28 6) (41 30 7) (21 31 6) (42 31 3) (4 32 6) (49 33 1) (17 34 7) (18 34 2) (39 34 6) (38 35 7) (7 37 4) (12 37 2) (19 37 5) (36 39 1) 
Queue 1: (43 9 4)
Queue 2: (22 10 6)
Queue 3: (9 11 6)
Queue 4: (30 10 5)
Queue 5: (31 8 1)(48 12 3)
Time 14
Waiting clients: (15 15 1) (11 16 4) (14 16 4) (13 17 1) (44 17 1) (3 18 2) (29 18 2) (8 20 5) (16 21 6) (47 21 7) (0 22 5) (32 23 7) (37 23 5) (45 23 3) (2 24 1) (40 26 4) (5 27 5) (23 27 3) (28 27 6) (46 28 6) (41 30 7) (21 31 6) (42 31 3) (4 32 6) (49 33 1) (17 34 7) (18 34 2) (39 34 6) (38 35 7) (7 37 4) (12 37 2) (19 37 5) (36 39 1) 
Queue 1: (43 9 3)(35 14 2)
Queue 2: (22 10 5)
Queue 3: (9 11 5)
Queue 4: (30 10 4)
Queue 5: (48 12 3)
Time 15
Waiting clients: (11 16 4) (14 16 4) (13 17 1) (44 17 1) (3 18 2) (29 18 2) (8 20 5) (16 21 6) (47 21 7) (0 22 5) (32 23 7) (37 23 5) (45 23 3) (2 24 1) (40 26 4) (5 27 5) (23 27 3) (28 27 6) (46 28 6) (41 30 7) (21 31 6) (42 31 3) (4 32 6) (49 33 1) (17 34 7) (18 34 2) (39 34 6) (38 35 7) (7 37 4) (12 37 2) (19 37 5) (36 39 1) 
Queue 1: (43 9 2)(35 14 2)
Queue 2: (22 10 4)
Queue 3: (9 11 4)
Queue 4: (30 10 3)
Queue 5: (48 12 2)(15 15 1)
Time 16
Waiting clients: (13 17 1) (44 17 1) (3 18 2) (29 18 2) (8 20 5) (16 21 6) (47 21 7) (0 22 5) (32 23 7) (37 23 5) (45 23 3) (2 24 1) (40 26 4) (5 27 5) (23 27 3) (28 27 6) (46 28 6) (41 30 7) (21 31 6) (42 31 3) (4 32 6) (49 33 1) (17 34 7) (18 34 2) (39 34 6) (38 35 7) (7 37 4) (12 37 2) (19 37 5) (36 39 1) 
Queue 1: (43 9 1)(35 14 2)
Queue 2: (22 10 3)
Queue 3: (9 11 3)
Queue 4: (30 10 2)(11 16 4)
Queue 5: (48 12 1)(15 15 1)(14 16 4)
Time 17
Waiting clients: (3 18 2) (29 18 2) (8 20 5) (16 21 6) (47 21 7) (0 22 5) (32 23 7) (37 23 5) (45 23 3) (2 24 1) (40 26 4) (5 27 5) (23 27 3) (28 27 6) (46 28 6) (41 30 7) (21 31 6) (42 31 3) (4 32 6) (49 33 1) (17 34 7) (18 34 2) (39 34 6) (38 35 7) (7 37 4) (12 37 2) (19 37 5) (36 39 1) 
Queue 1: (35 14 2)(13 17 1)
Queue 2: (22 10 2)(44 17 1)
Queue 3: (9 11 2)
Queue 4: (30 10 1)(11 16 4)
Queue 5: (15 15 1)(14 16 4)
Time 18
Waiting clients: (8 20 5) (16 21 6) (47 21 7) (0 22 5) (32 23 7) (37 23 5) (45 23 3) (2 24 1) (40 26 4) (5 27 5) (23 27 3) (28 27 6) (46 28 6) (41 30 7) (21 31 6) (42 31 3) (4 32 6) (49 33 1) (17 34 7) (18 34 2) (39 34 6) (38 35 7) (7 37 4) (12 37 2) (19 37 5) (36 39 1) 
Queue 1: (35 14 1)(13 17 1)(29 18 2)
Queue 2: (22 10 1)(44 17 1)
Queue 3: (9 11 1)(3 18 2)
Queue 4: (11 16 4)
Queue 5: (14 16 4)
Time 19
Waiting clients: (8 20 5) (16 21 6) (47 21 7) (0 22 5) (32 23 7) (37 23 5) (45 23 3) (2 24 1) (40 26 4) (5 27 5) (23 27 3) (28 27 6) (46 28 6) (41 30 7) (21 31 6) (42 31 3) (4 32 6) (49 33 1) (17 34 7) (18 34 2) (39 34 6) (38 35 7) (7 37 4) (12 37 2) (19 37 5) (36 39 1) 
Queue 1: (13 17 1)(29 18 2)
Queue 2: (44 17 1)
Queue 3: (3 18 2)
Queue 4: (11 16 3)
Queue 5: (14 16 3)
Time 20
Waiting clients: (16 21 6) (47 21 7) (0 22 5) (32 23 7) (37 23 5) (45 23 3) (2 24 1) (40 26 4) (5 27 5) (23 27 3) (28 27 6) (46 28 6) (41 30 7) (21 31 6) (42 31 3) (4 32 6) (49 33 1) (17 34 7) (18 34 2) (39 34 6) (38 35 7) (7 37 4) (12 37 2) (19 37 5) (36 39 1) 
Queue 1: (29 18 2)
Queue 2: (8 20 5)
Queue 3: (3 18 1)
Queue 4: (11 16 2)
Queue 5: (14 16 2)
Time 21
Waiting clients: (0 22 5) (32 23 7) (37 23 5) (45 23 3) (2 24 1) (40 26 4) (5 27 5) (23 27 3) (28 27 6) (46 28 6) (41 30 7) (21 31 6) (42 31 3) (4 32 6) (49 33 1) (17 34 7) (18 34 2) (39 34 6) (38 35 7) (7 37 4) (12 37 2) (19 37 5) (36 39 1) 
Queue 1: (29 18 1)(47 21 7)
Queue 2: (8 20 4)
Queue 3: (16 21 6)
Queue 4: (11 16 1)
Queue 5: (14 16 1)
Time 22
Waiting clients: (32 23 7) (37 23 5) (45 23 3) (2 24 1) (40 26 4) (5 27 5) (23 27 3) (28 27 6) (46 28 6) (41 30 7) (21 31 6) (42 31 3) (4 32 6) (49 33 1) (17 34 7) (18 34 2) (39 34 6) (38 35 7) (7 37 4) (12 37 2) (19 37 5) (36 39 1) 
Queue 1: (47 21 7)
Queue 2: (8 20 3)
Queue 3: (16 21 5)
Queue 4: (0 22 5)
Queue 5: 
Time 23
Waiting clients: (2 24 1) (40 26 4) (5 27 5) (23 27 3) (28 27 6) (46 28 6) (41 30 7) (21 31 6) (42 31 3) (4 32 6) (49 33 1) (17 34 7) (18 34 2) (39 34 6) (38 35 7) (7 37 4) (12 37 2) (19 37 5) (36 39 1) 
Queue 1: (47 21 6)
Queue 2: (8 20 2)(37 23 5)
Queue 3: (16 21 4)(45 23 3)
Queue 4: (0 22 4)
Queue 5: (32 23 7)
Time 24
Waiting clients: (40 26 4) (5 27 5) (23 27 3) (28 27 6) (46 28 6) (41 30 7) (21 31 6) (42 31 3) (4 32 6) (49 33 1) (17 34 7) (18 34 2) (39 34 6) (38 35 7) (7 37 4) (12 37 2) (19 37 5) (36 39 1) 
Queue 1: (47 21 5)
Queue 2: (8 20 1)(37 23 5)
Queue 3: (16 21 3)(45 23 3)
Queue 4: (0 22 3)(2 24 1)
Queue 5: (32 23 6)
Time 25
Waiting clients: (40 26 4) (5 27 5) (23 27 3) (28 27 6) (46 28 6) (41 30 7) (21 31 6) (42 31 3) (4 32 6) (49 33 1) (17 34 7) (18 34 2) (39 34 6) (38 35 7) (7 37 4) (12 37 2) (19 37 5) (36 39 1) 
Queue 1: (47 21 4)
Queue 2: (37 23 5)
Queue 3: (16 21 2)(45 23 3)
Queue 4: (0 22 2)(2 24 1)
Queue 5: (32 23 5)
Time 26
Waiting clients: (5 27 5) (23 27 3) (28 27 6) (46 28 6) (41 30 7) (21 31 6) (42 31 3) (4 32 6) (49 33 1) (17 34 7) (18 34 2) (39 34 6) (38 35 7) (7 37 4) (12 37 2) (19 37 5) (36 39 1) 
Queue 1: (47 21 3)
Queue 2: (37 23 4)
Queue 3: (16 21 1)(45 23 3)
Queue 4: (0 22 1)(2 24 1)(40 26 4)
Queue 5: (32 23 4)
Time 27
Waiting clients: (46 28 6) (41 30 7) (21 31 6) (42 31 3) (4 32 6) (49 33 1) (17 34 7) (18 34 2) (39 34 6) (38 35 7) (7 37 4) (12 37 2) (19 37 5) (36 39 1) 
Queue 1: (47 21 2)(5 27 5)
Queue 2: (37 23 3)(23 27 3)
Queue 3: (45 23 3)(28 27 6)
Queue 4: (2 24 1)(40 26 4)
Queue 5: (32 23 3)
Time 28
Waiting clients: (41 30 7) (21 31 6) (42 31 3) (4 32 6) (49 33 1) (17 34 7) (18 34 2) (39 34 6) (38 35 7) (7 37 4) (12 37 2) (19 37 5) (36 39 1) 
Queue 1: (47 21 1)(5 27 5)
Queue 2: (37 23 2)(23 27 3)
Queue 3: (45 23 2)(28 27 6)
Queue 4: (40 26 4)
Queue 5: (32 23 2)(46 28 6)
Time 29
Waiting clients: (41 30 7) (21 31 6) (42 31 3) (4 32 6) (49 33 1) (17 34 7) (18 34 2) (39 34 6) (38 35 7) (7 37 4) (12 37 2) (19 37 5) (36 39 1) 
Queue 1: (5 27 5)
Queue 2: (37 23 1)(23 27 3)
Queue 3: (45 23 1)(28 27 6)
Queue 4: (40 26 3)
Queue 5: (32 23 1)(46 28 6)
Time 30
Waiting clients: (21 31 6) (42 31 3) (4 32 6) (49 33 1) (17 34 7) (18 34 2) (39 34 6) (38 35 7) (7 37 4) (12 37 2) (19 37 5) (36 39 1) 
Queue 1: (5 27 4)
Queue 2: (23 27 3)
Queue 3: (28 27 6)
Queue 4: (40 26 2)(41 30 7)
Queue 5: (46 28 6)
Time 31
Waiting clients: (4 32 6) (49 33 1) (17 34 7) (18 34 2) (39 34 6) (38 35 7) (7 37 4) (12 37 2) (19 37 5) (36 39 1) 
Queue 1: (5 27 3)(42 31 3)
Queue 2: (23 27 2)(21 31 6)
Queue 3: (28 27 5)
Queue 4: (40 26 1)(41 30 7)
Queue 5: (46 28 5)
Time 32
Waiting clients: (49 33 1) (17 34 7) (18 34 2) (39 34 6) (38 35 7) (7 37 4) (12 37 2) (19 37 5) (36 39 1) 
Queue 1: (5 27 2)(42 31 3)
Queue 2: (23 27 1)(21 31 6)
Queue 3: (28 27 4)(4 32 6)
Queue 4: (41 30 7)
Queue 5: (46 28 4)
Time 33
Waiting clients: (17 34 7) (18 34 2) (39 34 6) (38 35 7) (7 37 4) (12 37 2) (19 37 5) (36 39 1) 
Queue 1: (5 27 1)(42 31 3)
Queue 2: (21 31 6)
Queue 3: (28 27 3)(4 32 6)
Queue 4: (41 30 6)
Queue 5: (46 28 3)(49 33 1)
Time 34
Waiting clients: (38 35 7) (7 37 4) (12 37 2) (19 37 5) (36 39 1) 
Queue 1: (42 31 3)(17 34 7)
Queue 2: (21 31 5)(39 34 6)
Queue 3: (28 27 2)(4 32 6)
Queue 4: (41 30 5)
Queue 5: (46 28 2)(49 33 1)(18 34 2)
Time 35
Waiting clients: (7 37 4) (12 37 2) (19 37 5) (36 39 1) 
Queue 1: (42 31 2)(17 34 7)
Queue 2: (21 31 4)(39 34 6)
Queue 3: (28 27 1)(4 32 6)
Queue 4: (41 30 4)(38 35 7)
Queue 5: (46 28 1)(49 33 1)(18 34 2)
Time 36
Waiting clients: (7 37 4) (12 37 2) (19 37 5) (36 39 1) 
Queue 1: (42 31 1)(17 34 7)
Queue 2: (21 31 3)(39 34 6)
Queue 3: (4 32 6)
Queue 4: (41 30 3)(38 35 7)
Queue 5: (49 33 1)(18 34 2)
Time 37
Waiting clients: (36 39 1) 
Queue 1: (17 34 7)
Queue 2: (21 31 2)(39 34 6)
Queue 3: (4 32 5)(12 37 2)
Queue 4: (41 30 2)(38 35 7)
Queue 5: (18 34 2)(7 37 4)(19 37 5)
Time 38
Waiting clients: (36 39 1) 
Queue 1: (17 34 6)
Queue 2: (21 31 1)(39 34 6)
Queue 3: (4 32 4)(12 37 2)
Queue 4: (41 30 1)(38 35 7)
Queue 5: (18 34 1)(7 37 4)(19 37 5)
Time 39
Waiting clients: 
Queue 1: (17 34 5)(36 39 1)
Queue 2: (39 34 6)
Queue 3: (4 32 3)(12 37 2)
Queue 4: (38 35 7)
Queue 5: (7 37 4)(19 37 5)
Time 40
Waiting clients: 
Queue 1: (17 34 4)(36 39 1)
Queue 2: (39 34 5)
Queue 3: (4 32 2)(12 37 2)
Queue 4: (38 35 6)
Queue 5: (7 37 3)(19 37 5)
Time 41
Waiting clients: 
Queue 1: (17 34 3)(36 39 1)
Queue 2: (39 34 4)
Queue 3: (4 32 1)(12 37 2)
Queue 4: (38 35 5)
Queue 5: (7 37 2)(19 37 5)
Time 42
Waiting clients: 
Queue 1: (17 34 2)(36 39 1)
Queue 2: (39 34 3)
Queue 3: (12 37 2)
Queue 4: (38 35 4)
Queue 5: (7 37 1)(19 37 5)
Time 43
Waiting clients: 
Queue 1: (17 34 1)(36 39 1)
Queue 2: (39 34 2)
Queue 3: (12 37 1)
Queue 4: (38 35 3)
Queue 5: (19 37 5)
Time 44
Waiting clients: 
Queue 1: (36 39 1)
Queue 2: (39 34 1)
Queue 3: 
Queue 4: (38 35 2)
Queue 5: (19 37 4)
Time 45
Waiting clients: 
Queue 1: 
Queue 2: 
Queue 3: 
Queue 4: (38 35 1)
Queue 5: (19 37 3)
Time 46
Waiting clients: 
Queue 1: 
Queue 2: 
Queue 3: 
Queue 4: 
Queue 5: (19 37 2)
Time 47
Waiting clients: 
Queue 1: 
Queue 2: 
Queue 3: 
Queue 4: 
Queue 5: (19 37 1)
Time 48
Waiting clients: 
Queue 1: 
Queue 2: 
Queue 3: 
Queue 4: 
Queue 5: 
Simulation Finished
Average Waiting Time: 15.84
Average Service Time: 3.96
Peak Hour: 38
